t;V;DeltaV;ref_dx;ref_psi;x;dx;theta;psi
0.0000;-266.6635;0.0029;0.0000;0.0000;0.0059;0.9911;-0.1213;0.0018
0.1500;16.0021;0.0435;0.0000;0.0000;-0.0045;-0.0963;-0.0156;0.0219
0.3000;4.1137;0.0799;0.0000;0.0000;-0.0103;0.1434;0.0272;0.0388
0.4500;-11.0138;-0.0257;0.0000;0.0000;-0.0129;-0.0953;0.0124;-0.0288
0.6000;1.0892;-0.0077;0.0000;0.0000;-0.0164;-0.0138;0.0153;-0.0118
0.7500;-17.2482;0.0010;0.0000;0.0000;-0.0203;0.0311;0.0123;-0.0055
0.9000;17.8325;-0.0005;0.0000;0.0000;-0.0245;-0.0472;0.0321;-0.0038
1.0500;-12.5151;0.0535;0.0000;0.0000;-0.0098;0.2189;-0.0187;0.0278
1.2000;6.7529;0.0529;0.0000;0.0000;0.0000;-0.0648;-0.0168;0.0230
1.3500;-1.0407;0.1019;0.0000;0.0000;0.0193;0.3683;-0.0298;0.0470
1.5000;-7.3384;0.1003;0.0000;0.0000;0.0334;-0.0632;-0.0602;0.0372
1.6510;16.9057;0.0674;0.0000;0.0000;0.0348;-0.0989;-0.0244;0.0113
1.8010;9.4148;0.0341;0.0000;0.0000;0.0334;0.0633;-0.0277;-0.0095
1.9510;2.4889;0.0594;0.0000;0.0000;0.0219;-0.1228;-0.0076;0.0073
2.1010;5.7390;0.1140;0.0000;0.0000;0.0077;0.1239;0.0434;0.0364
2.2510;-5.6459;0.1132;0.0000;0.0000;0.0118;0.1402;-0.0093;0.0300
2.4010;4.9845;0.1345;0.0000;0.0000;0.0195;-0.1147;-0.0244;0.0376
2.5510;23.5272;0.1318;0.0000;0.0000;0.0433;0.0926;-0.0318;0.0287
2.7020;29.5808;0.1334;0.0000;0.0000;0.0845;0.3839;-0.0766;0.0239
2.8520;1.6408;0.1059;0.0000;0.0000;0.1205;0.2897;-0.1149;0.0041
3.0020;1.8605;0.0428;0.0000;0.0000;0.1484;0.3211;-0.1468;-0.0351
3.1520;-8.0127;0.0238;0.0000;0.0000;0.1530;-0.1733;-0.1403;-0.0390
3.3020;4.9004;0.0560;0.0000;0.0000;0.1356;-0.3494;-0.0823;-0.0133
3.4520;0.9556;0.0817;0.0000;0.0000;0.1091;-0.0126;-0.0191;0.0038
3.6020;-16.7491;0.0884;0.0000;0.0000;0.0820;-0.0642;-0.0068;0.0071
3.7530;-0.6816;0.1159;0.0000;0.0000;0.0554;-0.2326;0.0098;0.0218
3.9030;7.9607;0.0825;0.0000;0.0000;0.0396;-0.2349;0.0114;-0.0013
4.0530;7.0692;0.0754;0.0000;0.0000;0.0465;0.2713;0.0228;-0.0057
4.2030;18.5463;0.0269;0.0000;0.0000;0.0787;0.2230;-0.0777;-0.0327
4.3530;11.4755;0.0369;0.0000;0.0000;0.1043;0.0533;-0.1172;-0.0211
4.5030;1.3276;-0.0113;0.0000;0.0000;0.1388;0.2205;-0.1385;-0.0463
4.6530;1.1031;-0.0841;0.0000;0.0000;0.1675;0.3427;-0.1585;-0.0808
4.8040;-3.4938;-0.0842;0.0000;0.0000;0.1827;0.0158;-0.1905;-0.0656
4.9540;8.7581;-0.0283;0.0000;0.0000;0.1657;-0.3751;-0.1232;-0.0218
5.1040;-4.5312;-0.0149;0.0000;0.0000;0.1392;-0.1678;-0.0655;-0.0112
5.2540;2.4250;0.0196;0.0000;0.0000;0.1074;-0.1441;-0.0125;0.0123
5.4040;-19.4412;0.0706;0.0000;0.0000;0.0724;-0.1449;0.0092;0.0397
5.5540;1.4012;0.1084;0.0000;0.0000;0.0485;-0.3526;0.0185;0.0547
5.7040;9.7907;0.1148;0.0000;0.0000;0.0364;0.1178;0.0475;0.0488
5.8540;-30.3129;0.0582;0.0000;0.0000;0.0611;0.1260;-0.0242;0.0086
6.0060;3.4358;0.0687;0.0000;0.0000;0.0926;0.1666;-0.0967;0.0140
6.1560;11.6903;0.0293;0.0000;0.0000;0.1328;0.1729;-0.1343;-0.0113
6.3060;13.6910;0.0006;0.0000;0.0000;0.1733;0.3009;-0.1698;-0.0262
6.4560;8.4127;-0.1118;0.0000;0.0000;0.2051;0.3075;-0.1938;-0.0872
6.6060;-8.0546;-0.2035;0.0000;0.0000;0.2168;-0.0989;-0.1920;-0.1240
6.7560;-5.3671;-0.1665;0.0000;0.0000;0.2064;0.0162;-0.1455;-0.0801
6.9060;-4.7496;-0.0834;0.0000;0.0000;0.1646;-0.3817;-0.0841;-0.0175
7.0570;-4.3865;0.0221;0.0000;0.0000;0.1120;-0.1778;0.0235;0.0459
7.2070;-32.3908;0.0844;0.0000;0.0000;0.0595;-0.4771;0.0386;0.0731
7.3570;5.8399;0.1488;0.0000;0.0000;0.0192;-0.3980;0.0658;0.0967
7.5070;-1.6124;0.2272;0.0000;0.0000;-0.0033;0.0832;0.0725;0.1252
7.6570;-2.6572;0.2637;0.0000;0.0000;-0.0127;0.0131;0.0512;0.1239
7.8070;17.3204;0.2116;0.0000;0.0000;0.0098;0.3594;0.0322;0.0706
7.9570;3.0518;0.1225;0.0000;0.0000;0.0684;0.3290;-0.1113;0.0070
8.1080;-6.1253;0.0312;0.0000;0.0000;0.1241;0.2837;-0.1860;-0.0468
8.2580;-8.8973;-0.1571;0.0000;0.0000;0.1695;0.0808;-0.2196;-0.1481
8.4080;8.7104;-0.2836;0.0000;0.0000;0.1861;-0.1572;-0.1797;-0.1942
8.5580;4.4420;-0.3475;0.0000;0.0000;0.1963;0.0013;-0.1613;-0.1969
8.7080;-22.5426;-0.2796;0.0000;0.0000;0.1783;-0.1691;-0.1246;-0.1223
8.8580;3.6997;-0.1929;0.0000;0.0000;0.1404;-0.4742;-0.0554;-0.0502
9.0080;-1.5074;-0.1207;0.0000;0.0000;0.1030;-0.3335;-0.0135;0.0012
9.1600;1.9796;-0.0602;0.0000;0.0000;0.0710;-0.1323;0.0203;0.0363
9.3100;8.4194;0.0515;0.0000;0.0000;0.0516;0.0481;0.0245;0.0952
9.4600;-12.6949;0.1424;0.0000;0.0000;0.0486;-0.0150;-0.0093;0.1314
9.6100;7.9116;0.2000;0.0000;0.0000;0.0716;0.2928;-0.0119;0.1405
9.7600;2.0358;0.1871;0.0000;0.0000;0.1113;0.3716;-0.1110;0.1087
9.9100;-4.5035;0.1403;0.0000;0.0000;0.1414;0.2148;-0.1587;0.0614
10.0600;1.3308;0.0660;0.0000;0.0000;0.1459;-0.2177;-0.1368;0.0073
10.2110;0.5648;0.0463;0.0000;0.0000;0.1370;0.1350;-0.0671;-0.0057
10.3610;2.8247;0.0609;0.0000;0.0000;0.1264;0.0067;-0.0757;0.0036
10.5110;-25.5107;0.0715;0.0000;0.0000;0.1039;-0.0252;-0.0486;0.0093
10.6610;-16.7099;0.1170;0.0000;0.0000;0.0724;-0.2620;-0.0210;0.0335
10.8110;9.2829;0.1422;0.0000;0.0000;0.0350;-0.4372;0.0124;0.0426
10.9610;7.7147;0.1189;0.0000;0.0000;0.0025;0.0103;0.0743;0.0212
11.1110;-4.1782;0.1039;0.0000;0.0000;-0.0211;-0.2368;0.0726;0.0084
11.2620;-1.9845;0.1061;0.0000;0.0000;-0.0148;0.2925;0.0694;0.0087
11.4120;-10.4446;0.0899;0.0000;0.0000;0.0081;0.2416;-0.0094;-0.0030
11.5620;1.1935;0.0156;0.0000;0.0000;0.0481;0.0038;-0.1049;-0.0449
11.7120;16.2500;-0.0173;0.0000;0.0000;0.0756;0.0207;-0.1066;-0.0551
11.8620;9.8898;-0.0146;0.0000;0.0000;0.0919;0.1204;-0.0880;-0.0437
12.0120;-4.6063;-0.0012;0.0000;0.0000;0.1055;0.2489;-0.0834;-0.0279
12.1620;-3.2290;0.0212;0.0000;0.0000;0.1130;0.0061;-0.1015;-0.0103
12.3150;11.0405;0.0497;0.0000;0.0000;0.1055;-0.3083;-0.0732;0.0079
12.4650;-2.7808;0.1047;0.0000;0.0000;0.0911;-0.0792;-0.0389;0.0387
12.6150;1.5345;0.1700;0.0000;0.0000;0.0698;-0.0501;-0.0205;0.0692
12.7650;0.8095;0.1283;0.0000;0.0000;0.0402;-0.0004;0.0240;0.0333
12.9150;-13.4632;0.1294;0.0000;0.0000;0.0054;-0.0856;0.0477;0.0284
13.0650;1.1023;0.1904;0.0000;0.0000;-0.0194;-0.1999;0.0587;0.0585
13.2150;28.9125;0.1600;0.0000;0.0000;-0.0346;-0.2846;0.0806;0.0308
13.3670;-3.1206;0.0953;0.0000;0.0000;-0.0158;0.3627;0.0535;-0.0116
13.5170;-1.1750;0.0194;0.0000;0.0000;0.0287;0.4476;-0.0612;-0.0524
13.6670;14.8921;-0.0304;0.0000;0.0000;0.0896;0.5403;-0.1336;-0.0721
13.8170;17.9281;-0.0846;0.0000;0.0000;0.1711;0.3652;-0.2628;-0.0918
13.9670;17.0994;-0.1410;0.0000;0.0000;0.2271;0.0823;-0.2889;-0.1083
14.1170;0.9247;-0.2340;0.0000;0.0000;0.2516;0.2314;-0.2424;-0.1416
14.2670;-14.6088;-0.1500;0.0000;0.0000;0.2489;-0.1631;-0.2080;-0.0672
14.4180;10.3032;-0.1010;0.0000;0.0000;0.2236;-0.2861;-0.1373;-0.0273
14.5680;-7.1822;-0.0466;0.0000;0.0000;0.1864;-0.0940;-0.0613;0.0084
14.7180;-3.9168;0.0094;0.0000;0.0000;0.1446;-0.2372;-0.0243;0.0396
14.8680;-9.6781;0.0895;0.0000;0.0000;0.1011;-0.1361;-0.0003;0.0793
15.0180;13.4661;0.1169;0.3000;0.0000;0.0616;-0.0832;0.0317;0.0808
15.1680;-4.0198;0.1261;0.3000;0.0000;0.0395;0.0615;0.0600;0.0714
15.3180;3.1057;0.0799;0.3000;0.0000;0.0323;-0.1101;0.0704;0.0322
15.4680;5.8247;0.0439;0.3000;0.0000;0.0638;0.4521;0.0470;0.0063
15.6190;5.9166;0.0267;0.3000;0.0000;0.1282;0.3452;-0.0621;-0.0059
15.7690;14.3866;-0.0585;0.3000;0.0000;0.1859;0.5604;-0.0774;-0.0543
15.9190;2.9164;-0.0857;0.3000;0.0000;0.2477;0.6218;-0.0915;-0.0610
16.0690;9.2623;-0.0742;0.3000;0.0000;0.3080;0.2708;-0.1295;-0.0439
16.2190;5.5633;-0.1670;0.3000;0.0000;0.3607;0.2599;-0.1306;-0.0915
16.3690;4.2289;-0.2936;0.3000;0.0000;0.4006;0.4071;-0.0794;-0.1493
16.5190;5.8899;-0.3313;0.3000;0.0000;0.4383;0.0076;-0.0977;-0.1425
16.6710;4.0261;-0.3356;0.3000;0.0000;0.4742;0.0541;-0.0989;-0.1218
16.8210;4.1615;-0.3501;0.3000;0.0000;0.4958;-0.1199;-0.0695;-0.1079
16.9710;2.1718;-0.2147;0.3000;0.0000;0.5070;0.1473;-0.0033;-0.0112
17.1210;0.9990;-0.0813;0.3000;0.0000;0.5075;0.2130;0.0576;0.0686
17.2710;4.5913;0.0700;0.3000;0.0000;0.5179;0.2738;0.1229;0.1434
17.4210;15.7858;0.1072;0.3000;0.0000;0.5821;0.5880;0.0097;0.1391
17.5710;6.9058;0.0875;0.3000;0.0000;0.6698;0.6965;-0.1244;0.1028
17.7230;1.4604;-0.0105;0.3000;0.0000;0.7479;0.5325;-0.1660;0.0287
17.8730;5.1437;-0.0642;0.3000;0.0000;0.8051;0.4095;-0.1030;-0.0068
18.0230;11.0956;-0.0257;0.3000;0.0000;0.8611;0.3579;-0.0944;0.0195
18.1730;4.5237;-0.0364;0.3000;0.0000;0.9086;0.3263;-0.0811;0.0094
18.3230;27.0872;-0.0512;0.3000;0.0000;0.9578;0.1407;-0.0757;-0.0007
18.4730;16.3809;-0.0962;0.3000;0.0000;1.0146;0.1974;-0.0966;-0.0258
18.6230;12.8749;-0.0215;0.3000;0.0000;1.0698;0.1025;-0.1339;0.0207
18.7750;14.1034;-0.1527;0.3000;0.0000;1.1099;0.1928;-0.0879;-0.0582
18.9250;-2.0158;-0.1664;0.3000;0.0000;1.1336;0.3124;-0.0477;-0.0548
19.0750;-12.2973;-0.1072;0.3000;0.0000;1.1544;0.2021;-0.0215;-0.0099
19.2250;-12.3512;-0.0317;0.3000;0.0000;1.1757;0.1614;-0.0369;0.0354
19.3750;1.6786;0.0679;0.3000;0.0000;1.1826;-0.0393;0.0230;0.0861
19.5250;8.7816;0.0894;0.3000;0.0000;1.1927;-0.0696;0.0570;0.0839
19.6750;15.2707;0.1597;0.3000;0.0000;1.2153;0.2695;0.0886;0.1097
19.8270;1.6590;0.1325;0.3000;0.0000;1.2582;0.5342;0.0721;0.0747
19.9770;-6.2240;0.0200;0.3000;0.0000;1.3369;0.6219;-0.0626;-0.0035
20.1270;16.2294;-0.4089;0.3000;1.5708;1.3973;0.2796;-0.0725;-0.0154
20.2770;3.5614;-0.6669;0.3000;1.5708;1.4649;0.1337;-0.1336;0.1120
20.4270;9.6575;-0.9083;0.3000;1.5708;1.5178;0.2840;-0.0835;0.2266
20.5770;10.2882;-1.0572;0.3000;1.5708;1.5656;0.1275;-0.0762;0.3749
20.7270;-12.4351;-1.0453;0.3000;1.5708;1.6111;0.2316;-0.0656;0.5914
20.8790;10.2676;-1.1100;0.3000;1.5708;1.6515;0.0410;-0.0474;0.7225
21.0290;6.4282;-1.0984;0.3000;1.5708;1.6984;0.1379;-0.0548;0.8797
21.1790;11.4631;-0.8960;0.3000;1.5708;1.7314;0.3323;-0.0014;1.1209
21.3290;7.2275;-0.6877;0.3000;1.5708;1.7800;0.4384;-0.0085;1.3177
21.4790;-4.2753;-0.5797;0.3000;1.5708;1.8366;0.4190;-0.0529;1.4256
21.6290;-4.1467;-0.4241;0.3000;1.5708;1.8964;0.4265;-0.0912;1.5413
21.7790;19.1827;-0.2796;0.3000;1.5708;1.9491;0.4896;-0.0373;1.6296
21.9310;-5.3183;-0.1995;0.3000;1.5708;2.0077;0.4762;-0.0827;1.6652
22.0810;-2.5614;-0.1230;0.3000;1.5708;2.0524;0.4631;-0.0697;1.6939
22.2310;-3.0329;-0.0491;0.3000;1.5708;2.0919;0.4716;-0.0529;1.7144
22.3810;-10.3630;-0.0308;0.3000;1.5708;2.1357;0.3109;-0.0836;1.6994
22.5310;-11.1920;-0.0533;0.3000;1.5708;2.1731;0.3383;-0.0476;1.6638
22.6810;-13.7334;-0.0441;0.3000;1.5708;2.2149;0.4002;-0.0636;1.6541
22.8310;4.4397;-0.0544;0.3000;1.5708;2.2497;0.2963;-0.0518;1.6332
22.9830;-5.9021;-0.0176;0.3000;1.5708;2.2814;0.3120;-0.0213;1.6450
23.1330;-8.2758;0.0296;0.3000;1.5708;2.3147;0.3372;-0.0035;1.6591
23.2830;-7.0728;0.0650;0.3000;1.5708;2.3596;0.2433;-0.0309;1.6649
23.4330;24.6499;0.0292;0.3000;1.5708;2.4124;0.3633;-0.0147;1.6272
23.5830;-16.7733;-0.0171;0.3000;1.5708;2.4678;0.2216;-0.0813;1.5895
23.7330;-24.1600;-0.1093;0.3000;1.5708;2.5163;0.2204;-0.0820;1.5329
23.8830;-11.7255;-0.2185;0.3000;1.5708;2.5506;0.2918;-0.0248;1.4748
24.0350;-18.4392;-0.1886;0.3000;1.5708;2.5795;0.1646;-0.0311;1.5099
24.1850;-6.4752;-0.1622;0.3000;1.5708;2.5905;-0.0579;0.0209;1.5350
24.3350;10.7813;-0.1679;0.3000;1.5708;2.6081;-0.1223;0.0587;1.5378
24.4850;7.1196;-0.1737;0.3000;1.5708;2.6432;0.3875;0.0665;1.5403
24.6350;4.4937;-0.1525;0.3000;1.5708;2.6909;0.5004;0.0464;1.5567
24.7850;2.3206;-0.0987;0.3000;1.5708;2.7578;0.2727;-0.0327;1.5902
24.9350;-9.1140;-0.1073;0.3000;1.5708;2.8102;0.4882;-0.0339;1.5816
25.0850;-1.8173;-0.1091;0.0000;1.5708;2.8779;0.4497;-0.0926;1.5782
25.2370;-1.9446;-0.1496;0.0000;1.5708;2.9405;0.5321;-0.1092;1.5537
25.3870;-6.6105;-0.1742;0.0000;1.5708;2.9865;0.4765;-0.0951;1.5428
25.5370;-11.2062;-0.2152;0.0000;1.5708;3.0321;0.3337;-0.1165;1.5231
25.6870;-7.3201;-0.2857;0.0000;1.5708;3.0644;0.0956;-0.1368;1.4901
25.8370;6.6087;-0.3090;0.0000;1.5708;3.0748;-0.1657;-0.1074;1.4920
25.9870;4.0114;-0.2287;0.0000;1.5708;3.0681;-0.1042;-0.0495;1.5529
26.1370;-7.5084;-0.1349;0.0000;1.5708;3.0597;0.1407;-0.0524;1.6102
26.2890;-15.3586;-0.0575;0.0000;1.5708;3.0375;-0.1235;-0.0160;1.6489
26.4390;-6.8694;0.0209;0.0000;1.5708;3.0048;-0.4196;0.0150;1.6809
26.5890;-2.9680;0.0760;0.0000;1.5708;2.9722;-0.3492;0.0514;1.6938
26.7390;7.0363;0.1229;0.0000;1.5708;2.9474;-0.2891;0.0856;1.6997
26.8890;14.9251;0.1144;0.0000;1.5708;2.9613;0.2257;0.0545;1.6710
27.0390;27.2104;0.0400;0.0000;1.5708;2.9992;0.2877;0.0143;1.6102
27.1890;-6.8665;-0.0115;0.0000;1.5708;3.0758;0.6453;-0.1497;1.5732
27.3410;16.0765;-0.1538;0.0000;1.5708;3.1347;0.4042;-0.1945;1.4905
27.4910;4.1348;-0.1751;0.0000;1.5708;3.1782;0.3684;-0.2131;1.4922
27.6410;-2.9032;-0.1235;0.0000;1.5708;3.2092;0.3094;-0.2029;1.5357
27.7910;-16.7883;-0.1120;0.0000;1.5708;3.2160;-0.1337;-0.1916;1.5492
27.9410;-2.9979;-0.0910;0.0000;1.5708;3.1911;-0.1730;-0.1043;1.5655
28.0910;15.3655;-0.0456;0.0000;1.5708;3.1505;-0.1463;-0.0307;1.5926
28.2410;6.3131;-0.0190;0.0000;1.5708;3.1083;-0.1914;0.0169;1.6052
28.3930;-7.3653;0.0552;0.0000;1.5708;3.0721;-0.0532;0.0133;1.6429
28.5430;1.6277;0.1095;0.0000;1.5708;3.0385;0.0390;0.0485;1.6609
28.6930;-2.9049;0.1772;0.0000;1.5708;3.0173;0.0666;0.0469;1.6864
28.8430;3.2845;0.1955;0.0000;1.5708;3.0171;-0.0515;0.0171;1.6766
28.9930;12.3092;0.1836;0.0000;1.5708;3.0522;0.5175;-0.0097;1.6511
29.1430;-5.0699;0.1171;0.0000;1.5708;3.1213;0.5707;-0.1547;1.5984
29.2930;-12.2469;-0.0972;0.0000;1.5708;3.1713;0.2604;-0.2366;1.4682
29.4450;-3.7761;-0.1991;0.0000;1.5708;3.1958;-0.0270;-0.2242;1.4283
29.5950;2.2979;-0.2209;0.0000;1.5708;3.2031;0.0165;-0.1739;1.4408
29.7450;-11.8457;-0.1806;0.0000;1.5708;3.1850;-0.1736;-0.1240;1.4865
29.8950;-10.5135;-0.1068;0.0000;1.5708;3.1560;-0.4088;-0.0902;1.5441